123.57996978010117  0.000637039947118217
176.2228610792971  0.000530884444230989
247.82243793333646  0.0004509897450466355
346.12973612875675  0.0004097321098135418
473.48085083090785  0.0003943059525344724
699.2899038500065  0.0003943059525344724
983.4408316746824  0.0003414548873833604
1344.9453480097495  0.00027914723685435177
1944.0036527047516  0.00017954225134915938
2696.279246685128  0.0001615598098439876
3739.1221870079585  0.00013207886655325506
5483.6382917058945  0.00012589254117941688
7767.11216069024  0.00012232071190499324
7767.11216069024  0.00012232071190499324
11083.962824259204  0.00016627744146486352
15803.472322151685  0.00012710617996147458
22854.50261831012  0.00011547819846894582
31694.88375686445  0.00009623506263980887
44270.96122435126  0.00009172759353897803
64014.963472737065  0.0000764422274252601
88160.63255230487  0.0000637039947118217
125660.80825590604  0.000039810717055349776
175498.30789102177  0.00003480700588428413
246721.161662975  0.000023713737056616554
351871.0755918695  0.000021752040340195246
473879.41400725354  0.000006878599123088081
679459.4738291973  0.0000021544346900318865
