114.039 0.00275438
165.624 0.00289805
233.175 0.00304869
328.329 0.00310453
455.327 0.00296203
641.296 0.00287265
875.905 0.00256796
1253.51 0.00229617
1738.65 0.00212066
2488.80 0.00180592
3562.90 0.00151309
5020.56 0.00133101
6966.51 0.00113327
9971.43 0.000980901
13840.8 0.000782577
19505.1 0.000677299
27067.4 0.000567376
38150.6 0.000475334
55476.4 0.000391866
75821.4 0.000307567
110318 0.000226276
150726 0.000189536
215952 0.000134967
299728 0.000109444
429752 6.73231e-05
605922 5.28495e-05
