121.94685796136228  0.0009623506263980897
175.1244459083839  0.000849506422626333
248.0274498417569  0.0007792317984341949
351.26923990141785  0.0007011861566478371
480.546181969085  0.0007079457843841388
709.7247814667336  0.0007079457843841388
977.5094570767172  0.0006249328199187805
1374.7326457320173  0.0005463865498818545
2072.8303557109853  0.00048231784822393094
2681.728568375979  0.0004509897450466355
4043.409543966945  0.0003905410294116381
5530.294205302399  0.0003414548873833604
7943.051880783809  0.00033176711278428615
11017.752035384287  0.00031622776601683826
16495.200959659553  0.0002560550427970478
22561.642623958625  0.00022820929710674507
32397.789027277802  0.0001920141938638803
61454.28459970964  0.0001439903320881634
61454.28459970964  0.0001439903320881634
89478.77093692719  0.00011659144011798323
130230.12023835593  0.00007216611620833884
179351.34466593617  0.000060140449070556176
245226.01019286204  0.000042576177390469156
344841.64461728843  0.00003480700588428413
505033.6461777551  0.00001333521432163324
699716.1131260948  0.000005899746255923559
